60	40	84	18	81
83	11	68	30	48
35	82	3	99	58
95	25	9	61	82
92	28	58	4	55
63	2	81	84	15
76	45	50	88	46
97	48	80	46	94
69	87	44	22	62
73	8	86	84	66
7	44	93	74	50
53	2	19	76	3
3	99	46	25	71
50	49	21	28	46
24	43	87	59	54
60	8	55	22	64
51	25	30	15	6
86	52	17	51	8
68	55	13	58	20
18	17	15	17	99
33	18	21	26	46
39	87	51	91	4
37	36	67	65	30
29	44	4	81	91
84	1	58	83	35
44	28	10	13	79
3	77	19	50	45
42	72	68	47	90
99	39	72	11	35
21	98	6	100	37
58	45	59	46	99
5	93	16	47	91
70	58	26	61	36
46	82	30	96	39
21	35	34	89	18
96	85	58	40	53
67	81	96	33	58
87	18	78	4	69
4	54	27	44	89
6	58	18	57	70
67	58	29	44	72
40	28	40	93	3
28	97	67	11	73
77	79	31	42	96
92	75	73	28	11
87	49	36	27	9
32	26	32	66	91
62	70	100	99	60
54	37	30	42	62
36	3	20	15	76
73	67	70	92	71
40	14	47	28	2
17	48	76	78	92
81	73	80	30	91
28	72	32	18	84
12	89	89	23	100
41	52	31	34	26
40	97	97	94	76
28	39	95	80	73
82	33	89	37	43
83	24	58	50	18
61	22	44	67	69
87	96	33	21	64
86	95	22	84	22
11	20	60	38	18
25	18	42	48	96
100	13	18	11	76
48	47	32	95	99
6	38	87	65	57
13	6	67	47	80
50	71	18	23	45
54	39	15	3	34
6	13	14	59	86
79	83	19	96	10
14	99	12	96	85
70	1	100	79	11
19	39	82	51	49
74	89	13	49	66
75	80	89	61	70
36	77	35	78	9
53	27	28	8	66
26	85	86	3	47
5	44	39	42	47
80	73	65	46	1
16	62	1	24	56
85	72	76	8	28
66	100	89	68	25
52	28	84	45	11
15	88	83	52	44
62	90	68	52	40
16	31	97	41	32
97	5	53	67	75
43	46	11	80	99
99	23	82	8	97
7	97	40	22	48
44	21	7	88	35
19	40	32	6	80
58	1	52	91	41
10	79	91	54	45
60	19	34	48	63
82	46	48	22	87
92	73	41	33	77
24	77	81	22	97
52	21	98	5	76
71	96	81	11	26
66	88	89	29	47
27	77	92	23	47
36	14	12	3	79
86	33	87	92	27
62	67	22	68	92
88	14	81	36	72
70	26	57	96	52
10	85	6	37	6
13	68	40	17	96
99	17	92	63	41
71	70	50	98	53
82	72	84	77	12
36	91	9	28	85
67	57	10	45	42
36	23	36	79	31
21	61	49	51	92
69	61	28	57	58
17	5	36	73	89
47	51	13	56	11
17	6	52	92	14
81	75	17	61	8
22	96	73	66	44
9	54	33	52	60
73	75	93	29	49
70	65	67	16	1
44	62	55	50	16
65	28	20	10	90
36	67	12	66	53
18	30	3	58	18
30	91	31	45	35
34	99	7	46	81
92	41	98	42	5
52	78	74	92	41
35	26	24	7	86
7	47	22	89	12
18	91	53	96	25
36	49	73	88	67
61	94	32	75	66
61	42	7	26	7
6	73	42	19	75
45	40	31	68	28
27	88	30	83	12
75	70	24	99	50
84	32	32	29	73
64	42	22	36	78
74	29	11	35	70
17	12	33	36	87
97	4	61	88	95
37	1	25	43	65
59	37	51	48	69
46	50	48	26	67
21	14	35	75	32
65	59	84	32	8
86	25	21	28	8
38	99	26	33	57
15	80	98	44	2
66	13	20	80	10
12	6	75	56	32
8	6	27	6	58
38	75	84	29	22
87	45	26	91	40
52	93	97	14	7
32	78	60	29	84
65	72	76	42	57
6	31	54	3	34
76	17	98	93	44
65	90	40	68	56
77	66	18	72	4
8	60	52	47	58
96	55	77	11	56
48	96	83	40	24
40	11	65	81	58
19	85	35	100	73
18	67	98	46	63
41	32	52	31	31
19	35	69	48	73
45	60	46	24	31
2	93	49	82	67
67	54	99	31	71
57	73	40	51	54
27	40	96	74	49
39	100	83	82	67
58	75	63	35	19
76	70	35	7	73
48	64	35	80	47
19	71	23	76	43
52	30	77	9	21
72	29	55	35	88
62	97	39	54	26
63	62	39	77	26
32	5	99	99	42
51	20	32	96	5
18	65	84	6	44
41	69	21	4	29
27	89	17	21	33
92	27	72	74	6
20	33	3	55	59
17	75	46	42	83
100	80	93	6	83
68	50	10	38	39
44	28	80	23	79
85	7	59	93	20
28	95	33	90	88
74	92	38	38	19
14	87	68	2	92
49	20	1	16	70
27	89	89	76	80
92	45	71	45	10
7	30	65	100	81
45	52	55	52	83
31	54	85	91	68
5	65	78	94	34
13	82	35	66	6
79	52	77	52	39
26	92	97	71	69
80	91	12	75	37
34	80	92	56	91
28	9	73	98	63
11	68	41	15	31
35	59	3	89	58
79	31	38	21	77
32	77	37	8	46
2	79	72	28	42
62	33	16	40	29
15	78	95	76	57
28	56	56	55	74
37	62	65	33	38
95	36	65	57	42
55	10	77	100	59
73	4	16	74	45
2	21	67	66	6
100	32	95	49	63
47	59	59	71	36
48	99	88	72	63
25	47	79	12	86
13	85	54	85	18
10	15	90	71	6
69	21	65	42	38
74	52	24	81	25
34	28	51	31	66
85	22	37	22	9
60	80	37	5	69
35	52	19	15	90
61	79	89	24	72
86	84	80	91	40
33	1	49	94	8
48	27	38	14	80
68	91	40	30	36
89	35	67	9	79
96	80	46	32	89
9	2	28	32	84
86	4	2	41	47
54	58	26	98	94
88	22	64	85	76
84	44	72	72	72
82	28	54	65	73
74	20	44	19	96
36	56	21	20	37
27	9	69	97	28
78	43	55	44	10
43	10	86	83	59
81	55	3	30	29
48	75	54	50	34
23	74	42	27	82
78	21	3	89	77
100	3	48	77	70
52	44	40	98	66
44	40	46	20	8
13	92	18	16	74
83	27	65	96	95
34	36	73	4	11
55	6	58	78	28
80	86	90	48	35
26	8	43	40	79
85	6	35	79	34
49	16	87	7	82
97	57	45	75	29
92	36	11	2	33
100	91	26	31	51
69	82	22	81	91
90	33	62	94	75
92	91	87	95	67
19	52	17	20	17
54	41	73	10	10
25	66	45	57	14
24	58	74	19	98
88	65	25	37	30
69	4	54	36	73
74	57	68	53	8
43	11	58	79	40
75	98	68	19	3
95	2	37	19	63
40	38	39	11	62
22	23	39	12	20
65	83	82	31	84
84	71	88	87	50
5	17	33	87	75
25	99	30	97	34
100	87	37	67	47
31	44	23	44	55
3	58	81	42	82
74	10	67	64	61
25	57	20	10	34
92	28	78	62	8
40	50	71	66	52
64	45	88	45	23
1	100	59	70	60
76	16	42	85	74
6	45	37	88	76
55	14	74	82	44
34	71	53	66	32
45	72	31	79	74
60	89	16	53	11
23	11	7	95	17
55	54	17	55	57
22	8	29	13	39
19	10	16	89	91
7	25	18	3	8
83	54	88	52	90
99	83	59	48	91
72	37	4	88	46
58	76	29	31	5
32	65	64	23	43
31	82	9	35	40
92	77	41	99	3
29	45	69	45	84
20	88	53	86	92
22	82	9	75	15
27	82	8	76	44
53	59	60	72	45
31	80	73	62	11
79	35	32	92	91
64	43	28	60	93
40	84	68	95	57
31	81	77	29	64
29	95	57	15	63
67	98	6	27	16
26	100	84	42	7
25	84	14	98	85
23	64	61	99	58
72	40	95	76	97
85	24	33	4	49
62	93	25	52	75
53	23	74	25	57
48	39	96	52	41
85	4	3	99	35
79	64	46	39	96
80	81	85	87	29
13	30	65	87	27
19	4	31	58	23
97	72	52	14	79
80	3	42	58	92
35	60	43	17	80
45	99	70	36	13
53	99	96	79	54
84	10	84	41	3
62	85	85	29	13
37	96	59	31	69
4	41	77	14	41
93	40	54	17	78
32	23	11	16	19
17	14	13	46	27
50	19	85	47	6
16	62	48	26	37
73	83	98	20	87
1	60	11	94	80
34	1	40	55	80
90	42	31	81	74
14	75	28	33	85
83	94	98	36	17
88	73	69	38	60
40	15	90	39	65
85	73	93	32	32
81	90	88	33	84
9	16	49	83	67
87	97	74	55	70
38	73	17	75	26
26	34	43	73	55
65	91	27	90	39
12	29	55	34	55
79	79	94	11	52
33	79	63	79	15
46	23	85	4	89
65	73	98	85	14
97	78	46	5	73
80	98	13	56	14
51	83	41	10	50
48	83	77	40	65
57	76	35	13	50
38	64	6	14	60
58	68	16	23	18
45	61	29	24	10
98	96	7	60	12
20	98	64	6	81
24	52	92	19	6
42	74	32	75	67
54	65	6	84	81
89	32	52	76	1
12	26	93	13	92
63	71	15	72	7
32	69	55	55	61
91	95	19	13	56
85	41	6	17	4
37	45	12	64	58
1	81	91	14	73
13	53	73	20	95
84	84	48	62	93
41	9	62	33	33
87	39	92	100	64
74	75	54	20	59
19	49	40	18	53
44	78	99	77	62
82	89	72	52	10
67	70	97	54	100
88	11	44	42	27
45	50	66	22	50
6	67	23	30	28
45	47	40	47	72
42	35	53	20	27
83	31	14	39	34
73	57	58	58	61
5	67	42	58	4
96	38	15	55	37
35	14	31	55	94
12	96	22	100	49
45	74	76	24	45
36	68	51	36	23
23	1	79	7	93
53	74	44	1	75
65	48	70	78	85
77	35	5	99	62
25	46	76	3	24
60	44	33	72	1
9	93	89	45	20
49	86	67	47	69
57	71	56	11	1
42	86	35	100	5
57	58	63	87	11
57	60	80	63	77
32	89	53	54	10
54	67	35	62	35
68	96	57	62	74
62	13	30	21	85
24	20	36	38	28
97	74	83	17	99
90	48	53	88	47
70	62	27	26	30
64	62	29	69	26
24	15	82	6	31
56	29	35	80	3
94	37	76	66	33
70	65	26	36	38
81	99	86	58	7
61	79	89	53	28
1	92	75	74	54
81	88	96	79	24
17	48	96	76	77
47	3	56	4	37
28	81	99	40	66
80	57	100	54	69
9	67	14	22	19
81	12	2	70	100
75	90	22	37	64
66	43	41	59	9
16	81	41	22	93
30	33	13	21	71
87	40	69	87	69
64	80	54	88	71
75	65	35	79	87
73	31	23	43	38
70	45	83	56	57
75	9	98	13	75
91	11	97	75	97
69	2	44	1	71
2	59	82	86	16
85	14	100	95	72
50	90	18	30	15
68	9	65	72	80
21	47	32	53	9
87	94	86	35	48
35	16	21	61	72
60	25	69	32	35
67	63	98	31	65
86	84	38	36	31
55	80	40	70	31
66	23	7	32	77
33	16	53	56	5
92	47	7	24	61
64	64	17	14	77
9	92	76	78	81
38	98	28	72	40
41	66	7	99	100
24	77	99	99	92
66	67	17	63	12
78	83	88	87	30
26	43	69	71	6
3	57	31	26	94
10	58	41	13	36
15	1	60	48	67
34	70	77	81	46
83	25	73	96	16
13	41	54	88	9
89	6	72	30	81
28	51	38	91	46
44	52	17	99	11
20	53	60	10	96
44	87	28	51	59
77	76	82	84	78
28	26	76	40	31
1	17	95	84	45
14	48	72	28	60
50	91	27	59	62
69	6	43	26	100
42	96	72	48	86
88	20	55	47	36
5	9	91	55	83
28	7	19	99	63
47	69	54	99	46
36	14	92	8	13
31	78	70	68	94
50	84	64	92	65
98	9	77	29	39
15	39	28	73	17
7	89	16	72	48
89	53	88	30	13
7	7	80	7	65
81	73	18	49	63
65	93	82	94	59
97	99	16	9	43
3	39	3	100	58
39	31	61	68	19
76	33	66	55	3
89	44	87	1	37
65	78	19	71	68
57	89	100	95	76
67	97	24	85	86
83	37	47	37	68
88	71	37	53	36
65	16	85	71	46
14	67	28	92	96
85	92	54	9	3
97	64	43	7	40
9	95	21	83	17
62	13	74	52	36
84	25	1	78	17
93	47	54	81	20
90	18	19	63	42
24	21	68	78	87
30	43	52	6	30
8	51	48	3	37
55	70	78	63	62
41	38	26	48	8
91	6	62	48	16
56	18	40	81	94
38	39	61	81	60
69	55	34	68	17
46	98	85	97	93
78	88	40	76	45
24	7	100	48	96
100	85	2	66	28
25	62	81	50	8
59	44	21	59	2
34	84	70	55	57
60	95	59	70	98
93	52	45	50	1
88	16	36	28	40
59	26	6	94	91
41	100	40	81	30
9	2	89	5	40
56	13	20	16	98
41	29	22	16	3
69	29	54	30	97
83	57	8	62	19
31	27	43	9	57
30	70	48	83	60
50	95	90	81	41
51	36	26	76	70
24	1	67	85	76
94	45	13	66	80
31	94	81	75	44
21	100	9	63	37
76	84	31	57	67
41	95	41	54	60
46	76	32	23	33
7	69	61	75	88
78	26	23	24	1
73	44	11	37	51
68	3	80	20	25
37	97	27	86	3
80	34	87	66	72
61	3	8	57	82
3	59	29	52	22
4	47	66	99	99
2	8	77	36	8
60	59	38	39	15
55	65	49	57	74
23	85	23	10	55
80	100	15	91	9
57	61	31	50	82
54	7	65	69	56
44	75	30	100	48
5	36	54	67	25
11	53	3	97	51
24	56	43	12	87
60	68	80	26	97
99	45	83	58	28
4	49	72	55	17
58	50	49	37	87
63	8	5	63	6
82	73	36	23	88
93	34	47	14	99
91	70	78	60	25
13	29	95	64	73
74	17	2	10	26
13	14	64	45	54
92	60	98	59	76
46	55	93	95	78
61	52	24	86	39
77	33	2	36	81
67	23	41	84	97
37	55	55	62	48
33	17	65	49	45
33	76	31	37	53
40	99	5	4	100
22	59	96	38	1
20	58	40	88	27
79	68	37	17	75
68	100	83	86	37
95	71	41	61	20
13	80	65	70	95
89	11	74	54	9
95	21	11	60	93
42	48	79	69	70
49	88	31	99	96
10	23	88	13	76
85	38	4	78	47
5	87	84	65	22
76	7	63	20	4
76	22	19	43	53
2	28	58	48	51
99	64	25	25	51
2	5	2	82	71
90	51	94	85	39
29	8	35	45	69
38	57	98	66	78
63	25	3	38	40
4	44	80	12	71
70	24	83	20	76
91	9	57	92	12
91	70	33	26	40
61	95	64	29	64
7	55	45	76	6
76	19	44	43	61
84	8	30	67	49
21	64	22	21	32
2	90	17	72	5
71	82	38	18	34
85	4	54	38	70
82	81	39	81	30
100	47	48	20	44
22	73	10	74	52
47	17	3	96	64
44	69	50	68	22
73	10	78	7	15
71	72	52	95	53
6	6	29	85	29
86	25	71	32	30
25	7	11	21	69
70	43	7	92	76
45	49	88	99	74
45	54	33	56	23
15	47	37	68	5
46	67	85	59	95
43	88	95	53	62
73	81	42	48	76
98	27	82	89	63
92	1	73	70	93
72	13	60	87	55
82	93	92	61	96
47	51	35	7	75
99	11	11	77	17
93	60	78	15	6
59	77	42	37	93
23	69	32	28	91
19	26	73	80	48
2	74	47	84	25
94	91	34	73	75
43	21	81	32	41
66	52	19	96	60
64	99	79	31	18
100	46	6	47	32
59	59	36	65	12
98	50	89	63	63
93	51	96	67	48
23	98	12	28	39
5	51	68	94	62
5	61	78	84	16
71	69	76	94	20
64	61	13	5	11
31	2	76	28	15
16	1	32	86	98
35	94	44	45	39
85	17	86	24	34
18	23	45	88	93
52	68	29	27	49
65	61	74	90	21
85	20	22	29	11
96	76	21	21	32
19	35	66	41	51
65	78	76	26	100
84	3	80	70	57
23	5	73	25	24
9	68	42	85	69
98	98	1	2	24
50	84	15	75	23
30	84	99	53	32
63	36	77	64	8
64	82	26	95	51
30	31	90	69	35
32	74	61	7	19
18	14	80	88	96
20	52	81	60	10
77	73	90	74	51
52	71	61	41	69
15	23	48	73	68
64	80	91	100	60
28	46	86	84	46
82	95	82	49	72
17	87	5	30	46
87	22	56	27	22
50	40	76	54	38
5	15	44	53	51
97	32	82	68	8
52	13	43	66	81
76	52	76	54	58
53	82	64	19	71
85	44	13	16	29
9	82	65	90	30
88	55	15	38	43
44	36	31	38	79
40	36	36	39	47
45	84	44	35	54
11	37	75	99	45
29	100	43	76	87
21	3	63	32	22
5	9	42	3	32
43	5	74	59	94
68	37	51	69	29
83	16	52	72	49
91	92	59	58	89
77	98	67	74	77
68	48	53	23	34
78	85	45	67	57
34	81	20	15	40
100	51	20	91	14
32	76	50	8	95
77	98	49	8	8
46	19	31	6	1
25	22	61	30	21
47	82	7	14	9
90	79	54	16	34
77	33	4	54	7
73	93	52	23	34
5	54	91	36	27
7	54	26	83	72
14	3	69	10	81
11	43	31	10	33
83	22	29	30	38
19	58	75	2	12
30	58	15	54	61
16	51	46	90	100
28	39	27	27	51
60	48	72	100	10
40	89	91	19	24
28	29	6	74	40
56	49	14	8	8
81	34	39	59	17
4	93	77	10	32
58	24	53	25	32
21	71	73	94	20
21	80	18	19	22
82	67	86	43	60
70	54	87	28	71
47	99	14	36	79
59	93	35	22	77
80	36	3	86	76
100	19	11	43	49
91	61	66	76	96
66	77	29	81	71
86	80	68	22	16
15	14	39	87	26
56	95	78	28	62
70	47	97	10	19
55	17	22	91	32
3	96	62	16	59
69	96	48	47	10
92	3	26	95	9
85	33	5	92	45
44	79	14	99	47
46	32	28	84	69
38	56	13	51	58
58	22	34	69	75
93	59	19	42	32
5	65	17	59	5
96	49	69	71	71
85	87	95	4	33
76	9	66	11	96
42	45	30	96	67
72	55	7	14	65
34	1	47	26	56
70	76	85	26	4
84	42	5	98	30
87	12	26	3	56
24	58	4	73	47
93	83	19	25	11
54	91	13	6	1
60	14	75	24	55
86	82	98	89	10
36	72	6	52	67
64	47	58	59	98
22	25	34	57	8
62	21	29	49	17
42	1	43	100	86
25	37	63	78	32
72	58	78	78	9
32	51	78	53	86
12	55	63	54	11
66	78	3	72	50
21	8	1	26	15
35	76	88	82	83
35	37	97	95	86
24	51	78	46	16
19	19	33	90	9
74	59	12	85	70
2	93	33	70	38
76	38	46	42	39
55	56	65	4	16
92	69	14	30	97
20	18	93	86	35
64	31	31	90	14
23	28	72	5	51
68	96	41	20	86
57	42	92	52	87
39	9	20	25	53
90	2	3	55	16
19	85	23	97	21
74	12	46	40	73
89	24	42	78	59
73	74	61	5	23
11	17	23	54	68
79	86	71	78	49
74	24	36	52	30
67	60	27	13	87
18	41	50	57	31
10	63	93	11	51
36	100	65	71	69
56	9	14	25	63
69	14	47	82	42
21	95	89	89	95
14	50	81	4	6
14	46	81	15	92
39	2	93	48	74
90	91	82	21	34
28	66	57	8	77
70	7	10	80	95
89	21	41	47	27
91	38	78	93	81
98	63	13	5	19
79	40	98	43	98
17	81	87	86	30
81	99	41	80	41
66	48	81	30	89
84	86	88	95	98
38	85	90	33	2
73	51	94	99	96
52	49	29	52	37
1	19	25	32	90
96	67	17	44	43
84	81	86	18	2
2	17	89	37	65
71	19	91	31	12
22	22	78	5	32
93	22	28	79	36
85	68	5	18	39
71	22	76	88	33
99	35	77	74	21
39	16	67	99	72
82	17	3	69	49
94	10	16	21	25
47	70	16	53	41
13	62	60	82	86
84	6	36	23	30
45	89	60	53	56
93	23	91	18	30
72	41	47	66	29
45	7	53	6	5
64	30	68	21	84
71	18	31	48	50
83	38	85	57	20
86	82	32	36	86
29	31	7	36	19
70	31	30	79	43
68	50	65	71	74
10	25	86	56	23
18	10	77	89	32
10	57	82	40	9
62	16	25	99	74
98	68	52	66	11
27	76	90	63	99
55	36	42	21	57
36	55	45	73	42
34	92	85	8	94
31	30	74	12	87
20	95	91	17	82
16	61	44	72	98
4	93	49	55	18
73	50	38	44	13
70	21	62	65	69
79	72	43	69	51
56	73	33	72	21
50	39	24	70	57
55	37	53	1	16
36	38	66	92	76
84	58	17	15	26
81	21	95	3	16
62	68	92	25	44
91	81	16	31	84
84	42	70	23	68
45	4	37	64	55
28	21	3	62	2
6	55	87	14	11
24	62	8	14	70
22	56	35	77	93
50	35	90	59	68
60	49	11	25	22
86	8	32	69	3
83	47	32	62	51
23	12	21	68	4
14	97	70	100	55
47	95	29	50	51
50	49	35	41	17
54	39	69	34	34
26	1	45	58	24
27	36	30	78	68
43	87	39	43	49
94	46	6	18	84
80	39	18	15	67
66	100	6	11	60
80	68	61	31	90
95	74	88	74	79
16	57	64	12	45
20	54	65	12	29
27	61	7	21	95
10	88	69	7	33
6	30	94	96	36
2	93	88	82	35
91	53	10	53	97
45	11	23	23	11
17	97	10	71	6
46	68	21	71	9
89	76	9	13	74
75	64	48	91	16
39	18	22	6	56
68	8	63	100	56
88	65	20	97	86
96	69	6	73	67
77	41	62	3	69
63	88	66	27	32
48	4	53	49	15
66	11	65	80	30
65	28	51	72	99
2	74	87	99	43
51	100	63	91	1
92	67	99	17	45
64	83	49	83	69
13	100	9	66	88
78	60	18	3	19
30	93	87	96	54
4	62	44	21	78
79	33	72	82	92
65	88	33	97	37
39	43	1	58	44
74	48	29	13	34
63	93	62	31	25
52	50	69	64	36
100	86	53	23	40
81	85	87	56	45
40	5	92	19	7
33	39	89	33	7
49	4	56	68	53
76	55	25	63	12
68	80	3	43	63
74	37	17	19	44
33	48	41	65	36
15	42	97	71	1
89	80	42	38	54
10	75	29	40	81
33	32	33	78	95
52	59	35	62	66
8	74	23	81	14
26	61	61	12	6
82	88	44	14	86
34	24	90	100	46
58	23	16	100	58
35	14	91	44	73
62	96	70	30	21
88	77	8	70	45
43	45	88	99	14
17	94	94	34	21
45	16	99	14	85
56	37	37	67	36
85	60	47	81	10
36	13	42	47	52
24	3	75	49	80
37	64	33	55	94
53	46	32	9	37
68	55	74	5	74
33	15	70	63	55
46	91	28	42	12
78	99	36	7	73
9	29	34	28	7
5	27	57	23	58
81	41	8	76	45
31	56	91	61	76
15	16	22	78	56
81	49	36	1	36
53	52	73	83	34
8	99	3	32	4
48	94	91	59	85
88	27	45	23	65
38	42	68	44	29
100	79	6	64	66
8	17	76	2	60
73	21	89	70	44
88	75	77	64	73
2	35	26	6	70
23	78	34	43	29
94	57	74	21	42
48	41	63	34	27
68	37	60	57	92
65	84	89	55	61
61	2	52	93	43
23	66	4	21	20
80	5	75	3	74
9	25	99	9	44
28	14	86	100	51
15	3	93	4	39
32	57	30	42	47
4	65	77	61	59
17	5	71	63	74
70	48	84	92	36
18	5	81	51	97
92	81	62	57	43
28	92	10	75	65
38	8	29	20	77
17	51	56	39	94
62	24	61	3	48
26	15	90	55	87
6	46	61	12	79
46	41	84	78	51
86	46	61	42	88
97	3	75	89	54
86	66	45	31	86
91	62	20	14	69
13	45	36	78	59
95	69	27	20	17
71	25	30	29	25
30	10	80	43	99
7	38	64	12	56
64	44	65	7	25
77	82	55	23	35
27	63	46	36	37
82	83	49	87	66
64	83	27	65	41
25	74	76	42	59
4	73	48	76	67
14	34	4	3	66
60	75	28	79	68
68	18	68	95	82
93	88	52	65	59
30	15	78	78	8
30	56	9	39	33
68	12	79	83	90
60	78	26	55	6
59	53	73	6	67
60	87	48	20	46
52	66	55	5	70
62	4	64	60	77
6	98	2	45	32
5	78	74	15	2
24	19	95	73	57
8	43	77	48	31
22	65	68	21	51
78	42	90	64	46
17	59	46	49	17
33	20	80	32	99
17	55	23	15	37
93	28	60	75	13
65	64	69	65	67
52	74	68	52	4
38	86	37	81	32
96	17	65	38	31
56	42	61	22	69
13	92	44	53	65
13	73	56	69	40
55	3	95	28	37
90	68	2	20	75
97	12	57	32	41
12	49	13	94	8
97	58	37	95	64
16	66	33	25	23
35	89	98	72	94
33	56	67	81	8
97	98	10	3	34
91	44	67	87	85
66	20	3	54	96
59	23	19	30	15
28	57	50	23	29
76	57	94	32	65
96	71	28	94	41
67	73	100	3	63
73	61	61	31	68
27	19	61	3	62
70	5	36	25	42
89	42	99	61	54
84	40	62	51	44
23	43	93	22	26
2	95	100	54	22
50	81	36	54	99
78	52	29	13	51
4	64	46	17	40
50	61	21	42	56
96	91	56	39	77
43	41	5	67	33
78	49	23	75	40
73	13	85	22	63
55	66	48	16	86
89	36	84	40	58
73	1	63	19	79
79	1	34	91	73
2	29	58	23	89
37	63	6	77	63
34	49	82	36	47
94	50	88	34	69
4	1	63	97	57
81	47	31	11	38
65	7	87	49	1
52	96	64	17	47
77	64	36	36	99
13	90	27	7	46
24	86	55	10	41
13	21	6	56	88
66	40	90	67	10
67	44	32	68	22
54	18	32	73	18
88	26	56	27	22
11	97	82	79	71
83	83	72	79	53
99	95	63	17	48
28	92	85	60	56
70	99	51	17	45
45	1	83	12	41
39	56	20	11	74
72	34	64	48	45
96	27	75	62	29
82	59	11	40	60
8	48	17	64	78
64	21	33	33	83
78	48	35	32	79
84	73	49	86	86
13	50	15	91	97
55	32	84	38	55
59	27	1	10	95
53	59	67	57	76
40	85	46	48	99
87	51	58	96	23
67	71	56	26	30
10	76	64	6	67
50	93	17	84	14
93	80	8	44	68
18	7	57	10	59
50	86	28	96	12
81	29	33	20	67
2	44	84	71	6
30	54	57	52	22
8	20	2	67	21
62	32	78	11	90
85	43	30	21	44
89	55	96	32	73
48	68	36	86	70
67	2	28	94	46
74	37	21	14	18
84	74	26	7	43
53	3	39	43	58
61	58	41	81	76
61	1	23	27	50
61	95	18	32	89
51	69	30	6	26
51	39	51	69	81
53	64	1	83	30
7	32	5	17	11
39	57	24	5	70
85	26	49	57	91
69	13	57	28	38
50	10	85	30	81
53	40	72	67	49
86	53	55	90	60
70	18	78	45	59
98	88	56	66	14
95	70	22	94	48
11	90	71	33	82
39	70	22	22	24
26	98	50	99	6
74	6	77	23	30
12	67	53	42	78
69	36	9	22	60
68	20	85	98	78
6	53	12	40	65
45	97	59	75	25
1	65	92	4	89
11	67	27	86	77
92	40	21	77	28
62	79	81	95	93
89	20	28	13	75
76	80	68	76	50
100	20	21	95	75
68	11	14	53	21
82	46	33	94	64
99	49	9	1	70
11	18	18	52	17
7	35	36	53	64
58	28	71	20	43
99	3	27	35	41
93	24	40	83	49
19	26	26	91	1
11	25	79	43	76
18	53	1	93	93
45	13	41	50	54
40	64	58	37	43
34	3	99	25	84
43	4	80	100	89
78	75	81	65	57
40	9	81	15	24
51	91	27	73	74
56	6	28	12	46
21	86	100	17	88
55	77	92	81	1
87	19	76	18	3
48	56	26	98	92
95	82	91	81	50
50	89	27	78	46
84	52	50	58	56
32	48	75	80	50
38	96	6	10	44
27	26	98	16	35
19	80	67	19	34
86	95	49	99	39
76	79	16	8	32
67	85	42	24	19
82	28	95	51	10
48	1	67	93	44
47	72	93	22	97
52	30	29	24	45
59	94	22	53	88
82	8	44	59	79
50	33	51	87	59
22	50	23	88	10
95	11	47	76	43
92	24	89	90	42
30	91	6	99	73
23	35	83	61	36
94	75	64	25	97
75	91	25	95	28
45	95	97	78	44
76	2	25	73	15
95	52	55	36	28
65	62	60	52	49
67	94	47	7	75
87	53	48	18	77
64	64	32	17	41
10	73	90	10	71
35	54	72	52	44
13	44	87	45	6
32	8	59	61	45
98	21	97	8	36
48	16	19	40	66
43	85	20	66	67
50	25	54	66	84
69	27	71	59	81
72	75	60	18	68
57	69	88	1	23
29	86	55	84	73
56	47	34	46	96
73	29	6	4	55
70	30	79	49	56
22	67	92	5	47
86	20	25	50	50
16	74	61	90	39
72	9	98	84	89
86	50	73	18	34
27	68	30	27	14
21	60	35	21	78
41	15	18	18	74
36	92	58	68	1
41	87	38	25	80
27	92	34	62	76
1	29	18	92	51
99	2	91	77	99
12	42	66	91	71
14	28	42	62	21
75	13	16	73	75
96	93	23	62	3
1	69	85	65	36
11	71	9	30	18
62	70	42	76	60
42	34	19	60	100
21	65	26	25	87
84	70	100	84	54
24	11	26	4	23
46	79	78	32	1
66	25	28	10	48
69	42	78	54	75
80	88	38	13	31
63	1	42	67	17
1	73	8	31	26
12	4	87	12	5
87	42	33	91	73
17	66	60	92	36
32	70	62	56	64
6	5	57	23	59
21	90	36	40	47
19	42	69	16	35
72	28	49	33	26
64	77	42	39	31
46	47	22	47	76
24	81	85	25	99
79	2	10	76	9
9	36	51	18	3
43	84	61	61	28
38	25	61	67	28
54	27	74	85	10
35	90	91	77	97
43	33	47	51	94
22	66	95	11	49
98	34	61	94	42
70	58	14	15	39
88	88	94	85	19
56	17	63	42	30
33	50	64	23	64
51	28	61	15	73
38	79	1	30	21
48	59	41	30	70
1	3	36	28	65
34	43	53	90	88
53	83	21	90	30
8	81	46	21	31
73	53	76	68	28
97	50	37	26	5
67	64	64	69	32
28	83	24	63	63
74	10	54	21	81
35	98	7	35	50
88	85	12	64	61
8	8	23	35	88
47	8	21	64	64
100	27	69	25	53
4	50	82	67	90
94	20	22	88	88
64	17	8	5	98
75	72	30	29	79
43	5	44	13	9
74	55	18	21	85
17	90	81	47	33
71	67	69	26	52
95	31	2	62	57
8	93	65	70	82
16	74	69	95	86
92	63	17	10	65
66	71	9	13	40
8	6	61	1	65
57	98	5	2	84
77	80	56	27	36
35	85	46	12	63
43	41	27	67	86
19	54	50	2	44
76	85	22	46	9
53	76	1	6	61
70	83	73	28	60
51	34	21	100	57
80	2	27	3	8
44	66	54	14	7
70	34	46	48	39
31	60	26	44	53
10	91	54	38	42
7	70	31	12	10
87	65	62	38	40
25	34	55	16	37
74	97	1	53	41
20	6	6	100	3
83	43	26	77	94
39	23	54	59	51
30	6	65	98	4
87	65	66	65	75
71	22	71	52	14
76	59	74	66	30
16	45	26	43	96
22	75	62	27	60
38	17	8	11	29
35	52	81	16	93
23	100	37	54	59
27	33	16	76	23
65	73	52	25	85
75	38	71	92	14
63	9	47	79	71
59	9	48	2	2
28	98	85	80	7
22	58	50	82	60
6	18	41	39	59
28	72	68	59	66
99	66	23	40	41
22	16	78	93	9
64	70	66	72	19
95	16	61	40	88
57	28	9	66	69
33	33	50	56	22
95	72	83	85	81
67	23	74	63	40
23	14	71	37	41
83	19	23	62	27
2	53	26	21	39
69	14	36	18	87
44	80	19	58	85
35	25	44	47	90
37	43	8	21	67
89	24	65	52	81
89	90	10	62	25
25	28	42	4	1
50	78	78	35	75
9	65	47	54	1
11	79	77	45	22
62	11	57	40	78
91	86	33	50	54
44	7	3	82	10
40	43	23	99	26
86	44	65	55	14
59	16	54	26	26
98	79	32	40	30
40	72	52	22	82
7	74	7	22	86
26	34	68	86	13
26	18	99	20	31
47	6	1	68	45
96	29	11	42	36
74	23	30	16	13
1	19	69	2	93
72	30	61	3	11
33	48	98	10	41
68	19	63	86	67
31	42	17	5	70
26	63	12	65	12
25	38	84	86	47
80	70	38	55	10
46	33	8	84	19
5	77	4	26	6
17	32	95	2	70
21	68	26	28	27
16	80	34	3	32
26	70	63	53	85
39	5	84	60	58
93	1	94	1	83
97	43	33	91	70
52	10	55	10	40
24	23	24	24	19
7	48	64	37	100
18	62	26	33	2
68	52	29	80	1
29	56	42	28	47
71	24	5	61	5
64	94	16	31	25
56	16	79	1	45
64	52	79	70	48
61	44	80	51	51
73	3	12	58	64
7	69	83	19	87
60	65	94	17	26
13	50	33	53	60
86	90	79	12	26
65	41	26	62	78
91	58	60	92	52
77	65	69	47	80
74	70	100	80	98
83	74	2	82	4
96	37	26	15	49
36	41	14	19	95
32	40	37	11	86
19	92	3	85	2
47	61	72	7	87
3	97	1	96	49
25	77	54	43	74
70	79	99	89	93
73	80	9	49	35
86	65	35	77	26
24	49	48	77	68
17	83	90	11	95
45	50	45	44	33
11	26	5	9	5
96	48	8	69	42
44	96	44	78	74
20	2	1	94	21
53	96	51	2	18
59	23	42	49	6
12	36	57	74	71
20	49	16	15	81
73	59	96	93	96
13	53	68	37	90
36	19	25	44	92
21	3	86	29	80
36	61	32	22	62
63	16	81	69	34
54	50	73	95	100
70	68	63	17	4
37	43	37	19	47
99	61	16	49	42
26	29	17	26	33
72	84	33	36	100
62	20	5	14	67
66	42	13	53	22
48	94	33	22	91
66	27	85	13	39
3	94	16	98	21
57	96	95	16	86
66	41	53	84	7
66	4	65	78	29
25	1	40	38	10
61	13	38	84	77
29	89	72	79	69
57	34	96	92	64
87	48	76	6	71
61	30	38	16	63
85	71	56	90	40
15	38	85	52	14
91	46	100	88	79
64	81	65	22	48
17	93	20	42	100
5	68	86	23	12
96	2	36	23	40
18	81	33	46	8
27	84	37	23	50
96	77	30	90	97
28	5	68	70	15
28	76	78	74	41
8	56	34	96	77
90	4	100	76	93
35	82	57	90	57
64	48	56	26	3
3	70	46	12	80
3	58	66	29	37
64	21	93	38	54
62	62	31	50	21
58	34	18	11	76
25	22	100	66	69
78	69	63	36	85
68	29	3	10	49
34	89	13	10	95
13	94	76	40	68
58	76	37	73	95
79	93	45	49	18
93	6	38	76	23
92	54	29	31	43
16	36	90	32	83
47	2	96	14	20
4	73	86	72	75
62	40	89	44	32
15	62	88	52	7
49	4	84	68	60
53	78	44	99	42
97	100	8	51	45
16	92	46	50	69
84	95	47	17	74
83	64	53	33	62
63	81	97	44	94
87	96	22	1	78
2	14	18	55	94
62	57	93	19	87
79	82	72	99	80
46	33	84	56	89
19	40	100	31	56
42	41	72	57	90
28	84	20	30	23
5	13	36	23	3
52	77	31	89	35
44	95	45	6	34
55	92	80	77	38
31	80	60	85	96
43	59	29	46	93
62	25	30	55	58
38	78	27	22	19
78	67	32	48	3
42	53	35	47	89
48	32	9	1	71
88	53	21	43	36
61	88	76	14	86
34	19	43	93	94
38	98	82	87	18
17	93	33	48	55
94	26	89	24	70
31	74	93	1	22
14	38	83	86	76
52	76	25	67	100
97	87	16	3	61
94	54	2	78	8
94	89	6	86	27
81	75	14	15	83
80	51	82	74	36
10	82	77	78	40
56	40	94	62	1
75	66	42	96	78
7	29	10	28	77
36	77	41	90	33
80	36	55	74	56
64	64	27	74	35
23	4	20	18	13
28	61	71	79	74
90	56	56	28	93
1	49	70	93	57
50	19	1	86	91
44	36	52	15	3
16	77	82	67	29
76	50	29	46	81
54	62	93	82	76
87	50	94	66	59
71	43	26	69	31
51	83	67	28	28
23	60	37	100	70
6	32	21	24	42
15	89	7	48	20
20	61	83	80	53
56	2	61	37	62
55	25	67	62	47
75	46	37	34	82
57	84	28	18	75
46	100	16	9	54
87	81	63	88	29
75	88	57	1	88
60	56	99	97	12
62	79	34	48	78
70	29	49	86	3
94	15	70	51	11
73	72	39	62	22
73	45	67	45	11
7	31	61	70	52
40	21	86	42	41
65	50	49	27	98
63	60	58	28	2
28	43	79	42	73
90	75	24	84	67
67	14	36	6	63
93	37	47	17	41
94	3	26	7	93
8	21	26	45	66
26	46	15	32	60
41	56	27	26	44
39	19	32	79	51
22	9	71	46	22
93	62	35	91	18
56	23	68	49	6
6	60	56	21	35
99	67	45	90	14
90	50	92	56	19
42	73	84	53	31
55	42	89	28	29
69	35	7	7	80
98	18	56	66	15
64	48	19	54	97
70	41	18	57	84
76	93	72	98	13
87	33	70	39	71
5	6	79	90	75
23	67	39	50	41
92	54	28	28	86
56	46	8	15	86
56	10	62	7	30
68	68	27	7	93
85	83	48	70	26
57	47	23	52	49
3	82	51	78	89
36	94	65	44	69
29	96	84	26	29
19	69	58	82	43
15	4	16	93	46
33	84	82	61	34
69	10	17	4	76
2	63	98	22	53
72	34	48	94	45
36	40	88	6	33
79	93	19	50	15
89	89	32	71	81
68	94	86	13	50
78	86	94	86	57
32	65	90	77	38
30	12	92	40	35
30	51	85	36	100
17	56	76	50	47
82	82	43	17	79
59	54	64	11	63
24	24	3	98	81
57	49	37	56	54
46	98	35	96	54
95	57	15	35	15
16	31	90	72	35
24	54	60	61	61
72	87	85	10	79
43	79	71	78	34
31	58	48	79	48
17	70	23	63	37
55	65	90	82	4
98	4	20	21	66
18	45	31	64	58
91	33	86	48	13
38	34	49	76	43
74	99	60	80	11
51	63	65	15	100
99	43	60	72	15
6	5	96	83	38
21	32	50	27	67
15	61	97	25	40
14	95	6	15	60
42	89	15	91	84
50	6	49	77	56
64	39	63	64	30
48	56	8	78	53
82	85	56	12	20
50	3	25	88	36
51	34	66	100	64
62	31	65	18	82
50	85	80	92	88
14	62	55	82	28
48	93	17	13	78
82	35	55	70	3
23	43	3	16	48
24	75	23	77	54
39	82	17	56	20
67	40	41	17	6
30	46	6	53	29
36	1	91	52	2
63	56	8	86	78
87	71	59	53	16
45	58	89	87	78
17	80	4	55	11
20	89	47	90	39
68	95	70	86	32
42	40	52	53	51
96	74	90	94	49
34	24	67	75	92
88	81	31	51	14
71	30	59	27	28
100	30	3	83	27
58	95	97	55	91
72	13	86	84	30
99	19	12	66	35
31	50	52	91	92
41	40	46	75	54
88	29	41	10	25
36	91	98	13	55
98	85	98	81	34
1	22	5	20	36
21	89	65	69	35
27	64	90	35	83
67	30	62	69	59
78	20	93	92	66
67	52	30	71	21
80	58	94	97	4
71	48	57	19	55
5	10	47	46	27
65	20	15	37	15
52	26	30	77	84
60	70	51	88	67
41	20	87	17	10
98	42	70	70	66
77	94	38	25	39
12	50	94	47	41
92	25	20	89	83
31	49	58	54	44
56	96	63	61	69
47	29	81	40	56
33	36	43	25	47
50	82	44	8	86
4	64	58	20	82
66	95	23	64	60
14	28	97	48	63
31	58	24	17	6
47	73	79	99	13
84	65	17	50	58
69	7	64	88	80
46	100	29	48	69
93	87	76	27	64
24	50	92	19	28
81	96	42	16	25
17	82	76	17	96
52	7	82	84	72
97	72	56	64	45
40	54	92	93	49
42	30	20	12	50
49	66	1	36	15
11	5	79	80	92
70	69	67	88	66
22	65	62	61	83
97	58	78	26	29
6	57	58	100	60
56	3	29	35	36
34	4	42	85	39
100	12	76	81	41
14	21	82	43	11
21	3	70	3	72
49	38	59	99	39
91	75	46	56	10
33	52	28	55	32
18	27	21	6	72
28	83	74	71	69
88	17	83	91	14
21	15	42	9	67
11	14	20	64	89
30	94	27	71	14
10	81	87	99	16
61	64	72	39	40
69	3	61	88	22
68	64	51	98	60
77	44	74	45	56
81	14	20	29	66
78	95	56	35	80
38	79	42	36	93
44	1	86	25	98
25	6	57	70	81
13	9	72	82	47
11	20	40	14	30
4	5	52	35	94
89	31	42	80	87
28	87	52	85	53
24	28	1	47	85
40	47	46	12	62
25	93	8	10	100
95	12	30	86	29
41	20	5	96	6
75	78	88	39	43
73	27	73	39	28
29	10	35	95	66
20	46	63	90	17
70	23	16	17	48
1	45	47	24	85
88	45	98	86	16
88	38	93	35	73
75	60	58	89	17
31	16	99	89	39
59	1	20	95	34
62	54	28	12	5
9	5	18	12	66
51	34	72	8	28
23	1	71	71	57
55	18	88	88	76
51	16	55	82	55
40	98	48	28	70
57	27	30	99	66
92	29	71	68	53
15	73	99	87	15
5	13	91	96	61
49	68	37	51	2
82	19	13	45	72
23	46	62	74	85
89	37	73	76	25
72	42	22	8	77
5	93	90	27	58
27	87	34	69	80
53	13	37	90	32
99	82	86	91	67
28	89	80	93	74
75	14	65	80	70
7	11	89	82	44
38	95	55	22	63
5	53	34	51	19
9	45	10	35	16
22	73	18	57	66
74	21	91	24	80
92	17	66	63	64
32	69	17	49	18
72	60	93	41	40
21	61	35	29	34
55	13	48	42	74
46	99	21	42	5
52	48	63	34	72
76	89	1	29	36
37	72	100	80	58
97	99	75	74	56
63	31	45	76	47
59	88	51	91	12
35	10	21	53	100
97	76	19	100	65
30	60	14	34	93
45	51	39	78	35
100	64	37	76	90
82	67	89	11	57
86	74	83	89	38
29	55	4	97	100
46	71	9	70	18
4	67	12	71	64
36	54	67	69	86
53	9	41	2	37
39	26	95	66	5
70	49	45	73	39
54	27	48	89	88
18	31	69	98	94
6	49	66	46	42
61	90	11	67	87
63	39	47	60	34
67	51	44	23	88
77	31	92	56	83
65	35	65	72	44
26	23	50	69	14
13	89	75	84	6
6	13	57	30	16
82	53	47	19	12
8	11	9	79	12
86	79	73	31	52
98	38	79	88	57
93	84	83	8	79
25	47	58	24	8
20	56	37	3	94
81	70	5	66	45
51	98	47	100	53
100	87	85	85	6
38	56	62	65	21
42	85	61	4	27
27	45	6	87	37
43	42	22	95	91
73	42	1	1	41
92	44	97	15	41
90	88	50	93	54
80	67	57	8	66
62	88	6	64	35
26	58	1	29	75
38	43	98	39	65
74	55	13	39	60
32	8	83	17	32
23	88	23	86	17
61	90	5	65	12
43	93	58	2	56
29	6	95	47	86
70	50	36	100	54
52	87	84	91	25
70	76	2	72	68
87	85	38	79	93
67	18	79	42	55
35	9	75	55	71
79	96	57	1	4
91	71	30	79	50
93	32	60	17	26
71	58	61	36	16
66	6	60	72	59
20	81	28	70	38
34	35	48	96	31
10	24	63	97	41
71	86	87	25	47
9	13	87	40	91
63	60	59	60	79
60	45	99	17	80
40	41	82	90	81
68	11	55	60	47
76	21	68	30	7
28	80	83	51	61
7	36	9	59	93
3	65	28	92	60
51	71	21	61	88
58	56	53	18	56
61	14	100	46	85
31	74	41	51	20
52	42	86	23	25
100	58	70	94	86
86	83	54	33	90
9	7	49	75	22
44	72	13	53	81
54	69	40	30	52
23	82	58	30	16
24	21	22	71	23
31	16	52	67	66
38	72	14	70	15
51	12	35	18	51
3	7	65	98	79
58	84	8	52	64
80	39	39	49	42
89	44	33	56	98
91	86	42	37	50
6	75	79	28	35
94	46	80	10	91
85	47	45	45	13
23	11	64	24	72
82	66	28	39	88